日期                         布林线                                                           
             低高    高低     底底     高高                             

10/12        2      2        1        2
10/11        1      2        2        0
10/10        1      1        4        0
10/09        1      2        2        1
10/08        2      1        0        3 


09/28        3      1        0        5
09/27        3      2        0        0
09/26        0      1        0        10
09/25        1      2        0        3 