

日期                         布林线                                                           
             低高    高低     底底     高高                             
10/12        4       2        1        1                                
10/11        3              2                   1                    0                                 
10/10        3              1                   0               2                                 
10/09        2       2       1      3                                  
10/08        2       1       0      5                                

09/28        2       2       0      7                                 
09/27        2       1       0      9                                 
09/26        3       4       1      2                                
09/25        0       2       0      6                                


09/21        3       2       2      5                                
09/20        2       1       6      0                               
09/19        2       1       2      1                                
09/18        2       2       0      2                                
09/17        2       2       2      2                                 

09/14        3       1       4      2                                
09/13        1       1       3      1                                
09/12        3       2       1      3                                 
09/11        2       2       4      3                                 
09/10        2       2       0      4                                

09/07        2       1       2      3                                 
09/06        2       2       1      2                                
09/05        2       2       5      1                                
09/04        4       3       1      1                                 
09/03        2       2       2      2                               


             低高     高低    底底    高高
             55      43      38     62


upper的时候 判断是否会继续up
low的时候   判断是否会继续low

